0 0.028125 0.76953125 0.05625 0.09375
0 0.121875 0.77421875 0.0921875 0.0953125
0 0.2234375 0.77734375 0.0921875 0.09765625
0 0.31875 0.803125 0.12109375 0.09765625
0 0.084375 0.6625 0.05859375 0.0546875
0 0.178125 0.6703125 0.078125 0.08203125
0 0.259375 0.67890625 0.06640625 0.0875
0 0.35078125 0.68046875 0.0796875 0.084375
0 0.45234375 0.8125 0.0921875 0.09375
0 0.5265625 0.696875 0.1625 0.125
0 0.5625 0.81640625 0.08984375 0.0703125
0 0.95390625 0.84765625 0.0796875 0.1171875
0 0.94921875 0.71171875 0.07421875 0.0921875