0 0.27421875 0.3546875 0.353125 0.084375
0 0.73828125 0.3828125 0.359375 0.08984375
0 0.27734375 0.4078125 0.359375 0.08984375
0 0.26640625 0.5078125 0.3765625 0.11328125
0 0.253125 0.6125 0.384375 0.0953125
0 0.2328125 0.68125 0.375 0.10546875
0 0.7390625 0.4359375 0.353125 0.08203125
0 0.7359375 0.49296875 0.36328125 0.0765625
0 0.7484375 0.534375 0.359375 0.0953125
0 0.74140625 0.59375 0.384375 0.0859375
0 0.734375 0.6484375 0.39453125 0.09765625
0 0.74296875 0.7140625 0.38125 0.0953125
0 0.7390625 0.8375 0.396875 0.11328125
0 0.73046875 0.91484375 0.3984375 0.1109375