0 0.32734375 0.35234375 0.2359375 0.3109375
0 0.2046875 0.7109375 0.30859375 0.234375
0 0.73125 0.134375 0.3421875 0.22265625
0 0.4984375 0.796875 0.3671875 0.26171875
0 0.1875 0.38125 0.23828125 0.3359375
0 0.10234375 0.534375 0.2046875 0.2640625
0 0.096875 0.2703125 0.1390625 0.209375
0 0.62109375 0.428125 0.2734375 0.2734375
0 0.69609375 0.5328125 0.365625 0.234375
0 0.57109375 0.9140625 0.2515625 0.171875
0 0.91875 0.2390625 0.1625 0.31875
0 0.396875 0.11328125 0.34765625 0.2265625
0 0.6140625 0.2640625 0.353125 0.19140625
0 0.49609375 0.64375 0.359375 0.1890625