0 0.00859375 0.65546875 0.0171875 0.103125
0 0.07109375 0.68359375 0.1109375 0.11328125
0 0.16875 0.7078125 0.1109375 0.115625
0 0.25625 0.7546875 0.140625 0.1234375
0 0.05859375 0.5640625 0.0703125 0.06640625
0 0.1484375 0.59375 0.09375 0.09765625
0 0.22578125 0.6203125 0.084375 0.1
0 0.3140625 0.64375 0.09765625 0.1
0 0.38359375 0.79375 0.1109375 0.1109375
0 0.48125 0.6984375 0.1859375 0.1578125
0 0.4890625 0.8234375 0.103125 0.0875
0 0.8640625 0.93671875 0.103125 0.1265625
0 0.890625 0.80859375 0.09375 0.10546875