0 0.28046875 0.346875 0.353125 0.0953125
0 0.74140625 0.39140625 0.3609375 0.103125
0 0.28046875 0.39921875 0.3609375 0.103125
0 0.265625 0.5 0.37890625 0.125
0 0.25 0.603125 0.38671875 0.109375
0 0.22734375 0.671875 0.3765625 0.1171875
0 0.740625 0.44453125 0.35546875 0.0953125
0 0.7375 0.50078125 0.365625 0.0875
0 0.7453125 0.54296875 0.3609375 0.109375
0 0.7375 0.60234375 0.384375 0.1
0 0.7296875 0.65546875 0.396875 0.1109375
0 0.734375 0.72265625 0.3828125 0.109375
0 0.728125 0.846875 0.3984375 0.1265625
0 0.715625 0.92265625 0.4 0.1234375